0.883
0.594
0.484
0.493
0.691
0.606
1.046
1.246
0.564
0.669
0.474
0.509
0.558
0.455
0.608
0.811
0.781
0.591
0.474
0.553
1.05
0.66
1.172
0.513
1.249
0.614
0.489
0.643
0.467
0.461
0.794
0.732
0.704
0.524
0.517
0.602
1.081
0.698
0.783
0.608
0.703
0.472
0.512
0.553
0.512
0.599
0.498
0.504
0.5
0.639
0.773
0.661
0.586
0.671
0.57
0.833
0.6
1.245
0.633
1.2
1.205
0.537
0.527
0.498
0.592
0.65
1.204
0.577
1.143
0.579
1.123
0.82
0.57
0.526
0.573
0.698
0.597
0.709
0.59
0.547
1.138
0.561
0.626
0.777
0.561
0.58
0.624
0.559
0.494
0.491
0.95
0.695
0.501
1.068
0.772
0.772
0.517
0.893
0.636
0.594
